
=== Profit ===
Period/Dev  2  2  2  2  2  3  3
        20      703      687      672      536      503      474      394  
        25      697      673      655      565      466      373      314  
        30      792      770      744      560      512      395      363  
        35      726      646      614      551      505      467      403  
        40      635      584      564      562      461      415      373  
        45      640      630      600      498      420      399      354  
        50      875      813      775      710      583      545      475  

=== Profit Factor ===
Period/Dev  1.50  1.75  2.00  2.25  2.50  2.75  3.00
        20     4.47     4.81     4.73     4.09     4.02     4.06     3.69  
        25     4.26     4.27     4.51     4.00     3.69     3.35     3.05  
        30     3.65     3.62     3.70     3.17     3.06     3.02     2.91  
        35     3.88     3.87     3.75     3.78     3.73     3.63     3.30  
        40     3.48     3.52     3.48     3.51     3.22     3.09     3.00  
        45     3.53     3.49     3.56     3.32     3.11     3.16     2.92  
        50     3.94     3.79     3.92     3.75     3.61     3.53     3.26  

=== Equity DD % ===
Period/Dev  1.50  1.75  2.00  2.25  2.50  2.75  3.00
        20     1.59     1.59     1.59     1.45     1.45     1.45     1.45  
        25     1.45     1.45     1.45     1.45     1.46     1.46     1.42  
        30     1.65     1.65     1.65     1.61     1.61     1.42     1.42  
        35     1.44     1.45     1.45     1.45     1.42     1.42     1.42  
        40     1.44     1.45     1.45     1.45     1.42     1.42     1.42  
        45     1.42     1.42     1.42     1.42     1.42     1.42     1.42  
        50     1.41     1.41     1.41     1.41     1.42     1.42     1.42  

=== Trades ===
Period/Dev  2  2  2  2  2  3  3
        20      242      234      225      200      186      168      144  
        25      240      228      218      197      175      145      124  
        30      258      247      229      186      169      143      123  
        35      239      218      202      173      150      133      116  
        40      232      212      201      173      147      127      114  
        45      215      210      197      173      136      121      110  
        50      233      222      200      189      143      127      112  

=== TOP 10 by Profit ===
Period  Dev  Profit    PF    Recovery  Sharpe  DD%   Trades
    50  1.50    874.53   3.94      4.05    1.58   1.41     233
    50  1.75    812.80   3.79      3.77    1.51   1.41     222
    30  1.50    791.57   3.65      3.08    1.46   1.65     258
    50  2.00    774.70   3.92      3.59    1.49   1.41     200
    30  1.75    769.99   3.62      3.00    1.43   1.65     247
    30  2.00    744.08   3.70      2.90    1.41   1.65     229
    35  1.50    725.68   3.88      3.29    1.75   1.44     239
    50  2.25    709.81   3.75      3.29    1.47   1.41     189
    20  1.50    703.49   4.47      2.90    1.73   1.59     242
    25  1.50    697.01   4.26      3.16    1.74   1.45     240

=== BOTTOM 5 by Profit ===
    25  2.75    372.91   3.35      1.69    1.30   1.46     145
    40  3.00    372.87   3.00      1.73    1.24   1.42     114
    30  3.00    363.40   2.91      1.68    1.23   1.42     123
    45  3.00    353.91   2.92      1.64    1.15   1.42     110
    25  3.00    314.24   3.05      1.46    1.21   1.42     124
