
=== Profit ===
Period/Dev  2  2  2  2  2  3  3
        20      667      645      550      561      523      392      358  
        25      674      672      652      556      579      510      408  
        30      733      719      694      582      549      474      416  
        35      776      752      631      571      456      412      389  
        40      746      738      627      584      443      421      363  
        45      811      806      758      637      502      414      418  
        50      755      749      641      588      500      400      404  

=== Profit Factor ===
Period/Dev  1.50  1.75  2.00  2.25  2.50  2.75  3.00
        20     2.21     2.17     2.13     2.26     2.20     2.36     2.26  
        25     2.17     2.17     2.14     2.11     2.25     2.18     2.29  
        30     2.33     2.30     2.27     2.23     2.18     2.27     2.22  
        35     2.32     2.28     2.28     2.22     2.16     2.13     2.46  
        40     2.31     2.35     2.34     2.35     2.43     2.73     2.92  
        45     2.37     2.45     2.57     2.82     2.71     3.15     3.56  
        50     2.34     2.37     2.51     2.46     2.69     2.78     3.11  

=== Equity DD % ===
Period/Dev  1.50  1.75  2.00  2.25  2.50  2.75  3.00
        20     3.16     3.16     1.66     1.91     1.91     1.92     1.92  
        25     3.16     3.16     3.16     2.03     2.03     2.04     2.04  
        30     3.09     3.10     3.10     1.91     1.91     1.91     1.91  
        35     3.09     3.09     2.77     2.71     1.91     1.91     1.92  
        40     3.09     3.09     2.75     2.23     1.91     1.92     1.92  
        45     3.10     3.10     3.10     1.91     1.92     1.92     1.92  
        50     3.10     3.10     2.23     2.24     1.91     1.92     1.92  

=== Trades ===
Period/Dev  2  2  2  2  2  3  3
        20      255      246      228      214      199      156      139  
        25      250      243      232      213      198      172      143  
        30      245      232      219      202      183      146      126  
        35      248      232      204      185      160      130      110  
        40      240      227      207      186      144      122       98  
        45      242      225      205      175      140      115      103  
        50      216      210      188      169      132      109       96  

=== TOP 10 by Profit ===
Period  Dev  Profit    PF    Recovery  Sharpe  DD%   Trades
    45  1.50    811.47   2.37      1.73    0.87   3.10     242
    45  1.75    805.91   2.45      1.72    0.89   3.10     225
    35  1.50    776.37   2.32      1.66    0.86   3.09     248
    45  2.00    758.20   2.57      1.62    0.98   3.10     205
    50  1.50    755.09   2.34      1.61    0.85   3.10     216
    35  1.75    751.99   2.28      1.61    0.84   3.09     232
    50  1.75    749.22   2.37      1.60    0.88   3.10     210
    40  1.50    746.46   2.31      1.59    0.82   3.09     240
    40  1.75    737.80   2.35      1.58    0.83   3.09     227
    30  1.50    733.35   2.33      1.57    0.92   3.09     245

=== BOTTOM 5 by Profit ===
    50  2.75    399.75   2.78      1.38    1.13   1.92     109
    20  2.75    392.22   2.36      1.35    1.06   1.92     156
    35  3.00    389.22   2.46      1.34    1.11   1.92     110
    40  3.00    363.14   2.92      1.25    1.16   1.92      98
    20  3.00    358.24   2.26      1.23    1.02   1.92     139
