
=== Profit ===
Period/Dev  2  2  2  2  2  3  3
        20     1987     1978     1944     1914     1913     1711     1459  
        25     2141     2121     2077     1998     1958     1761     1488  
        30     4355     3269     2232     2212     2142     2066     1875  
        35     3348     3303     2284     2233     2142     1849     1673  
        40     3254     3258     2198     2152     2069     1818     1551  
        45     3271     3261     2247     2185     2063     1671      602  
        50     4282     4297     4281     2063     1997     1691      625  

=== Profit Factor ===
Period/Dev  1.50  1.75  2.00  2.25  2.50  2.75  3.00
        20     3.50     3.49     3.49     3.46     3.85     6.92     6.28  
        25     3.60     3.58     3.54     3.50     4.08     7.62     7.11  
        30     3.18     2.77     2.33     2.33     2.40     2.38     2.61  
        35     2.71     2.84     2.38     2.36     2.41     2.24     2.47  
        40     2.85     2.87     2.37     2.36     2.32     2.25     2.70  
        45     3.04     3.09     2.39     2.36     2.47     2.73     1.83  
        50     3.66     3.67     3.49     2.46     2.43     2.22     1.86  

=== Equity DD % ===
Period/Dev  1.50  1.75  2.00  2.25  2.50  2.75  3.00
        20     8.35     8.36     8.39     8.40     8.40     8.51     8.66  
        25     8.25     8.27     8.29     8.34     8.36     8.58     8.73  
        30    24.04    18.29    18.44    18.45    18.45    18.50    18.52  
        35    18.22    18.27    18.42    18.42    18.50    19.15    19.03  
        40    18.32    18.31    18.49    18.49    18.57    19.32    19.26  
        45    18.31    18.34    18.49    18.52    18.55    19.38    19.36  
        50    24.10    24.08    24.11    18.65    18.65    19.43    19.52  

=== Trades ===
Period/Dev  2  2  2  2  2  3  3
        20      284      280      263      249      218      171      142  
        25      286      279      267      245      207      163      136  
        30      317      295      266      248      212      186      155  
        35      301      279      253      238      205      171      139  
        40      271      265      234      220      200      161      117  
        45      267      247      233      219      189      143       98  
        50      259      253      249      196      174      149      101  

=== TOP 10 by Profit ===
Period  Dev  Profit    PF    Recovery  Sharpe  DD%   Trades
    30  1.50   4354.74   3.18      1.12    0.62  24.04     317
    50  1.75   4297.39   3.67      1.10    0.64  24.08     253
    50  1.50   4282.20   3.66      1.10    0.64  24.10     259
    50  2.00   4280.53   3.49      1.10    0.63  24.11     249
    35  1.50   3347.51   2.71      1.13    0.56  18.22     301
    35  1.75   3303.19   2.84      1.11    0.58  18.27     279
    45  1.50   3270.90   3.04      1.10    0.58  18.31     267
    30  1.75   3268.76   2.77      1.10    0.58  18.29     295
    45  1.75   3260.75   3.09      1.10    0.59  18.34     247
    40  1.75   3258.13   2.87      1.10    0.57  18.31     265

=== BOTTOM 5 by Profit ===
    40  3.00   1550.97   2.70      0.53    0.50  19.26     117
    25  3.00   1488.11   7.11      1.11    1.14   8.73     136
    20  3.00   1459.06   6.28      1.10    1.06   8.66     142
    50  3.00    624.89   1.86      0.21    0.25  19.52     101
    45  3.00    601.72   1.83      0.20    0.25  19.36      98
