
=== Profit ===
OS\OB     55  60  65  70  75  80
    20.0      863      628      417      214       79       33  
    25.0      875      639      429      225       91       44  
    30.0      963      728      517      314      180      133  
    35.0     1176      941      730      527      393      346  
    40.0     1431     1196      985      782      648      601  
    45.0     1623     1388     1177      974      840      793  

=== Profit Factor ===
OS\OB     55.00  60.00  65.00  70.00  75.00  80.00
    20.0     3.86     3.67     3.30     2.95     2.51     7.01  
    25.0     3.89     3.71     3.35     3.04     2.70     8.01  
    30.0     3.72     3.53     3.21     2.94     2.71     3.29  
    35.0     3.72     3.57     3.34     3.19     3.14     3.54  
    40.0     4.01     3.92     3.77     3.76     3.86     4.35  
    45.0     4.20     4.15     4.04     4.09     4.25     4.76  

=== Equity DD % ===
OS\OB     55.00  60.00  65.00  70.00  75.00  80.00
    20.0     1.85     1.87     1.90     1.14     0.87     0.33  
    25.0     1.85     1.87     1.90     1.14     0.87     0.33  
    30.0     1.85     1.86     1.89     1.14     0.94     0.94  
    35.0     1.83     1.85     1.88     1.41     1.42     1.42  
    40.0     1.81     1.83     1.85     1.55     1.55     1.56  
    45.0     1.80     1.82     1.84     1.57     1.58     1.58  

=== Trades ===
OS\OB     55  60  65  70  75  80
    20.0      222      156       95       44       17        4  
    25.0      228      162      101       50       23       10  
    30.0      259      193      132       81       54       41  
    35.0      318      252      191      140      113      100  
    40.0      381      315      254      203      176      163  
    45.0      422      356      295      244      217      204  

=== TOP 10 by Profit ===
OS     OB    Profit     PF    Recovery  Sharpe  DD%    Trades
   45    55   1623.17   4.20      5.63    1.98   1.80     422
   40    55   1431.43   4.01      4.97    1.87   1.81     381
   45    60   1387.72   4.15      4.82    1.92   1.82     356
   40    60   1195.98   3.92      4.15    1.80   1.83     315
   45    65   1177.15   4.04      4.09    1.82   1.84     295
   35    55   1176.15   3.72      4.08    1.67   1.83     318
   40    65    985.41   3.77      3.42    1.69   1.85     254
   45    70    973.97   4.09      4.01    1.87   1.57     244
   30    55    963.22   3.72      3.34    1.80   1.85     259
   35    60    940.70   3.57      3.27    1.58   1.85     252

=== BOTTOM 5 by Profit ===
   30    80    132.83   3.29      0.94    1.65   0.94      41
   25    75     91.02   2.70      0.69    1.25   0.87      23
   20    75     79.42   2.51      0.60    0.85   0.87      17
   25    80     44.19   8.01      0.88    0.42   0.33      10
   20    80     32.59   7.01      0.65    0.11   0.33       4
