
=== Profit ===
OS\OB     55  60  65  70  75  80
    20.0      873      682      460      272       94       11  
    25.0      905      714      492      304      125       43  
    30.0     1016      825      603      414      236      153  
    35.0     1183      991      770      581      403      320  
    40.0     1521     1330     1108      919      741      658  
    45.0     1663     1471     1250     1061      883      800  

=== Profit Factor ===
OS\OB     55.00  60.00  65.00  70.00  75.00  80.00
    20.0     2.77     2.96     2.63     5.90     3.01     0.00  
    25.0     2.77     2.95     2.63     5.09     2.92     3.26  
    30.0     2.85     3.05     2.79     4.74     3.32     3.78  
    35.0     2.95     3.14     2.93     4.40     3.49     3.77  
    40.0     3.04     3.21     3.07     3.98     3.47     3.60  
    45.0     2.98     3.11     2.98     3.62     3.23     3.29  

=== Equity DD % ===
OS\OB     55.00  60.00  65.00  70.00  75.00  80.00
    20.0     2.91     2.94     2.31     0.62     0.62     0.06  
    25.0     2.90     2.93     2.31     1.06     1.06     1.07  
    30.0     2.88     2.91     2.29     1.92     1.92     1.93  
    35.0     2.85     2.88     2.27     1.91     1.92     1.93  
    40.0     2.85     2.88     2.31     2.02     2.02     2.03  
    45.0     2.82     2.86     2.29     2.41     2.41     2.42  

=== Trades ===
OS\OB     55  60  65  70  75  80
    20.0      231      161      113       49       21        1  
    25.0      239      169      121       57       29        9  
    30.0      267      197      149       85       57       37  
    35.0      309      239      191      127       99       79  
    40.0      395      325      277      213      185      165  
    45.0      440      370      322      258      230      210  

=== TOP 10 by Profit ===
OS     OB    Profit     PF    Recovery  Sharpe  DD%    Trades
   45    55   1662.60   2.98      3.54    1.35   2.82     440
   40    55   1520.64   3.04      3.24    1.39   2.85     395
   45    60   1471.48   3.11      3.13    1.31   2.86     370
   40    60   1329.52   3.21      2.83    1.35   2.88     325
   45    65   1249.79   2.98      3.36    1.29   2.29     322
   35    55   1182.59   2.95      2.57    1.30   2.85     309
   40    65   1107.83   3.07      2.97    1.34   2.31     277
   45    70   1061.24   3.62      2.90    1.49   2.41     258
   30    55   1015.65   2.85      2.21    1.22   2.88     267
   35    60    991.47   3.14      2.16    1.25   2.88     239

=== BOTTOM 5 by Profit ===
   30    80    153.37   3.78      0.53    0.91   1.93      37
   25    75    125.41   2.92      0.78    1.47   1.06      29
   20    75     93.65   3.01      1.00    1.54   0.62      21
   25    80     42.58   3.26      0.27    0.17   1.07       9
   20    80     10.82   0.00      1.11    0.13   0.06       1
