
=== Profit ===
OS\OB        55       60       65       70       75       80
   20.0      4646     4319     3866     2602     2265     1085
   25.0      4660     4333     3880     2616     2278     1098
   30.0      5049     4722     4269     3005     2668     1487
   35.0      5183     4856     4403     3139     2801     1621
   40.0      5379     5052     4599     3335     2997     1817
   45.0      5512     5185     4732     3468     3131     1950

=== Profit Factor ===
OS\OB     55.00    60.00    65.00    70.00    75.00    80.00
   20.0      3.32     3.48     3.52     4.83    11.55     9.15
   25.0      3.32     3.47     3.51     4.78    11.09     8.61
   30.0      2.74     2.78     2.75     2.90     3.38     2.43
   35.0      2.78     2.82     2.79     2.96     3.47     2.54
   40.0      2.81     2.86     2.84     3.02     3.54     2.65
   45.0      2.70     2.74     2.71     2.81     3.15     2.42

=== Equity DD % ===
OS\OB     55.00    60.00    65.00    70.00    75.00    80.00
   20.0     20.92    21.29    21.86    16.24    16.41     9.04
   25.0     20.91    21.28    21.84    16.23    16.38     9.01
   30.0     20.45    20.80    21.34    18.67    18.99    19.04
   35.0     20.27    20.61    21.14    18.65    18.97    19.01
   40.0     19.99    20.33    20.85    18.61    18.92    18.97
   45.0     19.83    20.16    20.67    18.60    18.91    18.96

=== Trades ===
OS\OB        55       60       65       70       75       80
   20.0       314      266      203      126       61       26
   25.0       321      273      210      133       68       33
   30.0       374      326      263      186      121       86
   35.0       400      352      289      212      147      112
   40.0       444      396      333      256      191      156
   45.0       498      450      387      310      245      210

=== TOP 10 by Profit ===
OS   OB   Profit     PF    Recovery  Sharpe  DD%     Trades
  45   55   5512.15   2.70      1.62    0.58  19.83     498
  40   55   5378.97   2.81      1.58    0.59  19.99     444
  45   60   5185.05   2.74      1.52    0.58  20.16     450
  35   55   5182.78   2.78      1.52    0.59  20.27     400
  40   60   5051.87   2.86      1.48    0.59  20.33     396
  30   55   5049.10   2.74      1.47    0.59  20.45     374
  35   60   4855.68   2.82      1.42    0.59  20.61     352
  45   65   4732.14   2.71      1.39    0.56  20.67     387
  30   60   4722.00   2.78      1.38    0.59  20.80     326
  25   55   4659.99   3.32      1.36    0.68  20.91     321
